1.647990049375816390e+00
-1.241048732610032790e-01
4.695000811730347390e-02
1.353982288307966353e-01
7.789652976109716631e-01
1.182962995738803924e+00
1.575656347133541413e+00
-1.475258069833745855e+00
-1.616763130887529654e+00
1.412127927393946880e+00
-2.028363805314524759e-01
4.413470443154090539e-01
3.223679908598666155e-01
6.212458735740480353e-01
1.102077605357766776e+00
-1.234288952599551514e+00
-1.548979705509238247e+00
-1.285202829058839313e+00
1.877904944710653723e+00
3.004031979160851407e+00
-1.546417770476188558e+00
-9.049353547853394852e-01
2.959818967414620250e-01
2.836664098044716642e-01
5.680154064389563162e-01
9.155110898067206904e-01
-1.735211948264191451e-01
-4.777387584894075556e-01
-3.037352587083781419e-01
-2.387102826691619994e-01
3.335705757958500328e-01
-1.593803352272790130e+00
8.253079723593584882e-01
-4.880384278061285497e-01
9.071394646119650407e-01
8.367700584380930451e-01
8.933796032776876173e-01
1.372502875335417594e+00
6.858101288734700374e-01
-1.846494933458961984e-01
-1.321341418675788804e+00
7.701311908524199890e-01
-3.998675556702112055e-01
-6.974360095084906064e-01
-7.458068803030870608e-02
2.316993047105110892e-01
-1.435623929619799899e+00
-3.059922245472132540e-02
-5.184034601824413224e-01
7.545943750329185962e-01
-7.981087509138338199e-01
-1.341107478052929514e+00
-1.583045827420396456e+00
1.057731546927921817e+00
2.950452552871576817e+00
-1.588313178770032863e+00
-9.156560661349728569e-01
3.010284659264607643e-01
2.281889503027653143e-01
-1.581178546849032751e-01
1.826718912530123640e-01
-2.585242790297869186e-01
-6.621622157748262572e-01
-8.121137619595965029e-01
-4.508446281070776496e-01
-6.703334149302254963e-02
-1.616763130887529654e+00
4.086132994193905632e-01
-3.448379960930730848e-01
5.368416070453311262e-01
6.145866265697175201e-01
9.256415771974819684e-01
9.686936147063982538e-01
6.983060417299894462e-01
-2.025992711429014659e-01
-1.394028187002095631e+00
3.156676482990644073e-01
-1.756576999836841069e-01
-6.754126799237026857e-01
-1.956445373155609180e-01
1.190069058939117047e-01
-1.073672225785530454e+00
-1.798299990639326273e-01
-1.402636795017518034e+00
6.424086513576524604e-01
