6.730281854862800728e-01
3.056340750282319219e-01
2.500591486622793513e-01
1.343944860189939972e+00
1.101972424938783668e+00
2.431644256817554250e+00
9.051391096337885189e-01
-1.600307898120192363e+00
-1.734054125536092616e+00
5.694287967732739597e-01
2.407414062940805288e-01
7.979251599507136694e-01
1.634065594860688142e+00
9.899430100692395706e-01
7.457535084746644838e-01
-1.358366975693966028e+00
-1.662312320171879465e+00
-1.504724540628788576e+00
1.581929721164860858e+00
1.856581341986947020e+00
-1.666835382296841139e+00
-6.175101297540581680e-01
5.559119855031333657e-01
8.213534553867171129e-01
2.356722093111901506e-01
2.334105162117399313e-03
-1.993944688820752931e-01
-3.996767159607786390e-01
-8.154683593066688330e-01
3.191454423842720045e-01
-9.565510557601764052e-02
-1.682615097810003402e+00
5.414044125509560601e-01
-7.029463108232575363e-01
1.033632057012145333e+00
6.592407155777442185e-01
2.078884574561726609e-02
5.314796993970759553e-01
8.500576034622920885e-01
5.897949595957414637e-01
-1.521669854085904827e+00
7.597449416992220206e-01
4.759734294153194489e-01
6.429169336454400030e-01
7.864707118634711724e-01
3.933611581548661085e-01
-1.567775962774176746e+00
-3.530030829844812198e-03
-6.989135209753244427e-01
1.164523135931695014e-01
-9.676862075866704549e-01
-1.501050103018067849e+00
-1.709694542906755821e+00
1.215443164495271233e+00
1.813643826607651999e+00
-1.707613504400862459e+00
-7.567354370415385612e-01
5.614280882703206466e-01
9.158774732531651530e-01
-5.599039979477050677e-01
-4.880938240943743511e-01
-3.717471302307021053e-01
-7.684527298062939771e-01
-1.166796192334959015e+00
1.944775170366662767e-02
-3.875369592672430197e-01
-1.734054125536092616e+00
1.182806344702013873e-01
-5.810593157134954501e-01
7.639681778439681992e-01
5.155713545589812874e-01
1.688805160987503495e-01
7.213700568309208694e-02
8.022657830216459729e-01
6.355655285403808419e-01
-1.591820883794216490e+00
6.037307831532320312e-01
7.252974934773257498e-01
6.534652129720425195e-01
6.652650549312963957e-01
1.284569949841339598e-01
-1.345014998052327160e+00
-1.937943085946832456e-01
-1.531274554558883061e+00
5.183519025382964801e-02
